	1 -19.082 12.092 7
	2 -18.976 0.033 10
	3 -19.078 -13.031 16
	4 41.0271 2.049 9
	5 41.0530 .0227 15
	6 41.111 -12.945 18
	7 -11.0771 2.057 1 25 19
	8 11.0231 2.085 19 26 20
	9 31.0321 2.060 20 27 4 
	10 -10.9330 .055 2 25 11
	11 -8.8060 .034 10 28 21
	12 10.8580 .029 21 26 13
	13 12.9320 .003 12 29 22
	14 31.1370 .011 22 27 15
	15 33.134 -0.005 14 30 5 
	16 -8.960 -12.987 3 28 23
	17 13.135 -12.987 23 29 24
	18 33.168 -13.068 24 30 6
	19 -0.1031 2.020 7 8
	20 21.7381 1.932 8 9
	21 0.8690 .082 11 12
	22 22.6220 .082 13 14
	23 2.284 -13.092 16 17
	24 24.126 -13.092 17 18
	25 -10.9296 .425 7 10
	26 10.9816 .346 8 12
	27 31.2476 .425 9 14
	28 -8.883 -6.243 11 16
	29 12.959 -6.343 13 17
	30 33.180 -6.310 15 18
